60 35
90 35
120 35
150 35
180 35
210 35
240 35
270 35
330 35
360 35
390 35
420 35
450 35
470 35
510 35
530 35
470 65
470 125
470 155
470 185
470 215
470 245
470 275
470 305
470 335
470 365
470 425
470 455
470 485
470 515
140 65
140 125
140 155
140 185
140 215
140 245
140 275
140 305
140 335
140 365
140 395
140 425
140 455
140 485
140 515
56 576
86 576
116 576
146 576
176 576
206 576
236 576
266 576
296 576
326 576
356 576
386 576
416 576
446 576
476 576
506 576
536 576
566 576
26 395
56 395
86 395
116 395
170 395
200 395
230 395
260 395
574 395
544 395
514 395
484 395
454 395
424 395
394 395
364 395
334 395
30 65
30 95
30 125
30 150
30 170
576 65
576 100
576 125
576 150
576 175
60 104
90 104
120 104
140 104
180 104
210 104
240 104
270 104
310 104
340 104
370 104
400 104
430 104
470 104
500 104
530 104
560 104
400 220
400 250
400 280
400 310
400 340
370 340
340 340
280 340
260 340
230 340
200 340
200 310
200 280
200 250
200 220
230 220
260 220
290 220
310 220
340 220
370 220
170 280
110 280
80 280
50 280
20 280
430 280
490 280
520 280
550 280
580 280
574 395
574 425
574 455
544 455
518 455
518 485
518 515
493 515
548 515
574 515
574 545
26 425
26 455
56 455
82 455
82 486
82 515
112 515
52 515
26 515
26 545
170 455
200 455
230 455
260 455
290 455
320 455
350 455
380 455
410 455
440 455
200 485
200 515
230 515
266 515
266 545
395 485
395 515
365 515
335 515
335 545
260 425
334 425
200 370
400 370
60 170
90 170
120 170
546 175
516 175
486 175
270 65
330 65
210 134
210 164
240 164
270 164
270 194
400 134
400 164
370 164
340 164
340 194
